3 0.6765625 0.50625 0.015625 0.05234375
3 0.625 0.52890625 0.0125 0.06640625
0 0.69609375 0.54921875 0.0140625 0.059375
0 0.9078125 0.55 0.021875 0.06015625
0 0.71015625 0.5421875 0.01484375 0.05
0 0.93046875 0.546875 0.0171875 0.06171875
0 0.8625 0.540625 0.0171875 0.059375
3 0.67890625 0.54453125 0.01328125 0.059375
0 0.88046875 0.5453125 0.01640625 0.05625
2 0.24609375 0.4484375 0.01484375 0.06015625
3 0.659375 0.52109375 0.0140625 0.065625
3 0.65625 0.4953125 0.0125 0.04453125
0 0.728125 0.52421875 0.01171875 0.05546875
0 0.7390625 0.51796875 0.0125 0.04765625
0 0.7515625 0.528125 0.015625 0.0640625
0 0.92109375 0.53046875 0.01484375 0.046875
0 0.88984375 0.53828125 0.0125 0.05390625