2 0.4984375 0.49453125 0.0140625 0.065625
2 0.70390625 0.5296875 0.0140625 0.059375
0 0.62734375 0.51640625 0.01640625 0.0609375
0 0.72578125 0.5828125 0.02109375 0.0734375
2 0.6390625 0.515625 0.0125 0.06171875
2 0.125 0.45859375 0.01953125 0.06484375
2 0.68984375 0.5328125 0.0140625 0.05625
2 0.65078125 0.5125 0.009375 0.06015625
2 0.21796875 0.475 0.01796875 0.07890625
2 0.678125 0.521875 0.0125 0.05703125
2 0.5515625 0.44921875 0.009375 0.028125
2 0.02265625 0.44453125 0.021875 0.06015625
0 0.68984375 0.5328125 0.0140625 0.05625
0 0.70390625 0.5296875 0.0140625 0.059375
2 0.62734375 0.51640625 0.01640625 0.0609375
0 0.678125 0.521875 0.0125 0.05703125
0 0.6390625 0.515625 0.0125 0.06171875