0 0.753125 0.71640625 0.02890625 0.10859375
2 0.3703125 0.4734375 0.0234375 0.06640625
0 0.79453125 0.746875 0.02890625 0.11484375
3 0.6703125 0.5203125 0.0125 0.06328125
0 0.6984375 0.52734375 0.0140625 0.0625
3 0.6390625 0.5140625 0.0109375 0.0609375
3 0.78828125 0.51484375 0.0171875 0.0625
1 0.82421875 0.74140625 0.03046875 0.12109375
0 0.82421875 0.74140625 0.03046875 0.12109375
0 0.8328125 0.65859375 0.03671875 0.13203125
0 0.8296875 0.69140625 0.03203125 0.153125
0 0.78828125 0.51484375 0.0171875 0.0625
3 0.6984375 0.52734375 0.0140625 0.0625