2 0.22109375 0.4578125 0.0140625 0.06328125
3 0.70390625 0.5015625 0.01640625 0.06328125
2 0.4 0.48671875 0.01171875 0.0640625
2 0.25234375 0.4625 0.0140625 0.0546875
2 0.66328125 0.49453125 0.01484375 0.06328125
2 0.2703125 0.47109375 0.0125 0.0640625
2 0.6046875 0.403125 0.0078125 0.03515625
2 0.528125 0.49921875 0.0109375 0.0640625
2 0.4296875 0.50078125 0.021875 0.07734375
2 0.79375 0.396875 0.009375 0.0375
2 0.328125 0.471875 0.01953125 0.06328125
2 0.23828125 0.45625 0.0140625 0.0578125
2 0.50625 0.49765625 0.0140625 0.06640625