3 0.703125 0.5546875 0.0203125 0.0859375
3 0.70234375 0.55078125 0.015625 0.0671875
3 0.6859375 0.55234375 0.0203125 0.0890625
3 0.6859375 0.54453125 0.0125 0.0671875
3 0.67421875 0.540625 0.015625 0.071875
3 0.6734375 0.54296875 0.0140625 0.0625
3 0.6625 0.53515625 0.0203125 0.06875
3 0.6625 0.53671875 0.0125 0.0546875
3 0.653125 0.53359375 0.0125 0.0546875
3 0.6734375 0.509375 0.0125 0.075
3 0.675 0.49453125 0.0125 0.0421875
3 0.66171875 0.509375 0.01875 0.0828125
3 0.66328125 0.49375 0.0125 0.0390625