2 0.6734375 0.48828125 0.01328125 0.0546875
0 0.66015625 0.4875 0.01328125 0.05390625
2 0.54765625 0.50546875 0.01796875 0.06875
2 0.23828125 0.45703125 0.01484375 0.05859375
2 0.571875 0.503125 0.01640625 0.06015625
3 0.6859375 0.4984375 0.01328125 0.0578125
2 0.21953125 0.4640625 0.01640625 0.071875
2 0.38671875 0.475 0.0203125 0.06171875
2 0.809375 0.40703125 0.01015625 0.0359375
2 0.6140625 0.41328125 0.00859375 0.03515625
2 0.253125 0.4640625 0.01328125 0.0515625
2 0.67890625 0.521875 0.01328125 0.05703125
2 0.35390625 0.49765625 0.025 0.08515625
2 0.66015625 0.4875 0.01328125 0.05390625
2 0.6203125 0.4375 0.0109375 0.0421875