2 0.88203125 0.42890625 0.01015625 0.0375
3 0.9890625 0.50859375 0.0203125 0.0625
2 0.02578125 0.4578125 0.02109375 0.06015625
2 0.8671875 0.43046875 0.009375 0.03671875
2 0.09453125 0.46171875 0.025 0.0578125
2 0.665625 0.51328125 0.0140625 0.0703125
2 0.30078125 0.4703125 0.0171875 0.06328125
2 0.14375 0.453125 0.01875 0.06328125
2 0.31640625 0.4671875 0.0171875 0.0625
2 0.65 0.534375 0.0125 0.0640625
2 0.221875 0.47421875 0.01640625 0.059375
2 0.2375 0.47109375 0.015625 0.06484375
2 0.25625 0.47421875 0.01328125 0.06171875