2 0.89140625 0.4328125 0.00859375 0.040625
2 0.28359375 0.51328125 0.01875 0.075
2 0.87421875 0.44453125 0.00859375 0.04296875
2 0.7078125 0.35234375 0.00546875 0.021875
0 0.78046875 0.52890625 0.01640625 0.06484375
0 0.75859375 0.5203125 0.01640625 0.05546875
0 0.72265625 0.525 0.0171875 0.06640625
2 0.0140625 0.4203125 0.021875 0.0625
2 0.0359375 0.4203125 0.01640625 0.07734375
2 0.32578125 0.47109375 0.03046875 0.06796875
2 0.4453125 0.48203125 0.02890625 0.0453125
0 0.7015625 0.51875 0.0140625 0.0671875
0 0.9125 0.86015625 0.0515625 0.17890625
0 0.95078125 0.83984375 0.02734375 0.15
0 0.96796875 0.815625 0.0375 0.14921875
0 0.95703125 0.7296875 0.02734375 0.0484375