3 0.67734375 0.5015625 0.015625 0.04453125
3 0.6265625 0.52890625 0.0125 0.0671875
3 0.6625 0.52578125 0.0140625 0.0625
0 0.81171875 0.53828125 0.015625 0.05625
3 0.70390625 0.54296875 0.01484375 0.0671875
0 0.85859375 0.5515625 0.0203125 0.06171875
0 0.8828125 0.55 0.01796875 0.06484375
3 0.65546875 0.49921875 0.01171875 0.053125
0 0.83828125 0.54375 0.01796875 0.05859375
3 0.68828125 0.5375 0.01640625 0.06640625
0 0.7828125 0.52109375 0.01484375 0.06015625
3 0.6765625 0.5375 0.0140625 0.059375
0 0.82734375 0.53984375 0.015625 0.05859375