2 0.88125 0.4296875 0.01015625 0.0375
3 0.9890625 0.51171875 0.0203125 0.0625
2 0.671875 0.51640625 0.0125 0.0609375
2 0.86640625 0.42734375 0.01015625 0.0375
2 0.63359375 0.53046875 0.01171875 0.059375
2 0.31484375 0.4640625 0.01328125 0.065625
2 0.1171875 0.46328125 0.02265625 0.0578125
2 0.221875 0.47109375 0.015625 0.059375
2 0.334375 0.46875 0.0140625 0.06484375
2 0.32421875 0.4765625 0.01875 0.0640625
2 0.23984375 0.471875 0.01484375 0.0640625
2 0.0546875 0.45703125 0.0203125 0.06015625
2 0.25546875 0.471875 0.0140625 0.06328125