3 0.696875 0.53828125 0.0203125 0.0890625
3 0.69609375 0.534375 0.015625 0.0703125
3 0.678125 0.5359375 0.0203125 0.09375
3 0.67890625 0.52734375 0.0125 0.06875
3 0.66640625 0.5234375 0.0171875 0.075
3 0.66640625 0.5265625 0.015625 0.0640625
3 0.6546875 0.5171875 0.0203125 0.071875
3 0.6546875 0.51953125 0.0125 0.05625
3 0.64453125 0.51640625 0.0125 0.0578125
3 0.665625 0.490625 0.0125 0.078125
3 0.66796875 0.47578125 0.0140625 0.04375
3 0.65390625 0.49140625 0.01875 0.0859375
3 0.65546875 0.475 0.0125 0.0390625