2 0.340625 0.47734375 0.0171875 0.06328125
2 0.890625 0.43203125 0.00859375 0.04296875
2 0.4703125 0.50078125 0.0125 0.06015625
0 0.68046875 0.51796875 0.0203125 0.0625
2 0.884375 0.43125 0.0109375 0.04453125
0 0.73046875 0.5171875 0.0171875 0.0625
2 0.87421875 0.44453125 0.00859375 0.04375
0 0.7015625 0.5125 0.01484375 0.05703125
0 0.8921875 0.77421875 0.03828125 0.125
0 0.8578125 0.7875 0.04140625 0.14609375
0 0.90625 0.68125 0.02890625 0.0390625
0 0.91484375 0.74921875 0.03203125 0.109375
2 0.01484375 0.4203125 0.0296875 0.08046875
2 0.23984375 0.45390625 0.0265625 0.06171875
0 0.75546875 0.5234375 0.015625 0.07890625