3 0.70546875 0.546875 0.0203125 0.08359375
3 0.7046875 0.54375 0.0140625 0.065625
3 0.68828125 0.5453125 0.0203125 0.0875
3 0.68828125 0.5375 0.0125 0.06484375
3 0.6765625 0.53359375 0.015625 0.07109375
3 0.6765625 0.5359375 0.0140625 0.06015625
3 0.665625 0.528125 0.01953125 0.06796875
3 0.66484375 0.5296875 0.01171875 0.053125
3 0.65546875 0.5265625 0.01171875 0.05390625
3 0.67578125 0.50234375 0.01328125 0.0734375
3 0.678125 0.48828125 0.0125 0.040625
3 0.6640625 0.503125 0.01796875 0.08046875
3 0.665625 0.4875 0.0125 0.0375
2 0.6375 0.50546875 0.0203125 0.07265625
2 0.63671875 0.5046875 0.0125 0.05703125
2 0.54375 0.50546875 0.01875 0.075
2 0.54375 0.509375 0.015625 0.065625