2 0.4828125 0.48125 0.0203125 0.065625
2 0.23828125 0.4578125 0.01484375 0.0578125
0 0.88046875 0.78359375 0.03984375 0.12421875
2 0.1078125 0.45859375 0.0171875 0.06640625
3 0.69375 0.5265625 0.0125 0.0609375
3 0.6703125 0.503125 0.01328125 0.04765625
2 0.9359375 0.45859375 0.0140625 0.0546875
0 0.7359375 0.6078125 0.02109375 0.0796875
0 0.68828125 0.59921875 0.0171875 0.0796875
0 0.715625 0.61484375 0.0203125 0.0859375
2 0.57734375 0.45390625 0.01328125 0.046875
0 0.72578125 0.540625 0.0203125 0.06640625
0 0.72734375 0.54453125 0.01875 0.08125