0 0.7125 0.54296875 0.01796875 0.0640625
0 0.69609375 0.540625 0.01328125 0.0609375
0 0.73828125 0.603125 0.0203125 0.07734375
2 0.25234375 0.46328125 0.01328125 0.05390625
2 0.228125 0.47421875 0.01484375 0.0640625
2 0.6671875 0.52109375 0.0140625 0.0640625
2 0.1890625 0.465625 0.0171875 0.06796875
0 0.68125 0.52890625 0.01171875 0.06015625
2 0.6546875 0.51875 0.0140625 0.059375
2 0.52890625 0.4953125 0.01640625 0.0640625
2 0.10390625 0.45625 0.01796875 0.06640625
2 0.221875 0.4578125 0.0125 0.0625
2 0.5640625 0.46171875 0.0125 0.0609375
0 0.6671875 0.52109375 0.0140625 0.0640625